../queryset/parler/query_path_6_2.txt 20596655.521972172 54.963239000000002 0
2 20596655.521972172 20596655.521972172
../queryset/parler/query_dense_1_3.txt 1953280.5107668568 68.444749000000002 0
2 1953280.5107668568 1953280.5107668568
../queryset/parler/query_path_4_0.txt 3321118.8592520561 107.80754949999999 0
2 3321118.8592520561 3321118.8592520561
../queryset/parler/query_path_6_1.txt 474863.24583638692 93.032700500000004 0
2 474863.24583638692 474863.24583638692
../queryset/parler/parler_Q1.txt 130357.17232747133 59.086740500000005 0
2 130357.17232747133 130357.17232747133
../queryset/parler/query_tree_4_1.txt 37237.398905343951 91.311650999999998 0
2 37237.398905343951 37237.398905343951
../queryset/parler/query_dense_1_2.txt 33349.234932376225 92.856721499999992 0
2 33349.234932376225 33349.234932376225
../queryset/parler/query_path_6_3.txt 1606647.5022536952 204.30287200000001 0
2 1606647.5022536952 1606647.5022536952
../queryset/parler/query_path_4_2.txt 2913232.687064562 54.592962 0
2 2913232.687064562 2913232.687064562
../queryset/parler/query_path_8_3.txt 8478418.7757861596 98.940552499999995 0
2 8478418.7757861596 8478418.7757861596
../queryset/parler/query_path_8_2.txt 3265617.4950436461 112.052668 0
2 3265617.4950436461 3265617.4950436461
../queryset/parler/query_tree_4_2.txt 3321118.8592520561 105.1409835 0
2 3321118.8592520561 3321118.8592520561
../queryset/parler/query_path_6_0.txt 36301719.735625178 208.39610500000001 0
2 36301719.735625178 36301719.735625178
../queryset/parler/query_path_4_4.txt 3321118.8592520561 104.91867450000001 0
2 3321118.8592520561 3321118.8592520561
../queryset/parler/query_tree_4_3.txt 2246150.8537092782 83.869920500000006 0
2 2246150.8537092782 2246150.8537092782
../queryset/parler/query_tree_4_0.txt 3321118.8592520561 106.1456275 0
2 3321118.8592520561 3321118.8592520561